temp.asc
ncols 500
nrows 500
xllcorner 697000.000000
yllcorner 7448000.000000
cellsize 2.000000
NODATA_value -9999.0
[rows 279 to 309 of 500, columns 408 to 475 of 500]
689.55 689.56 689.64 689.69 689.61 689.59 689.67 689.66 689.70 689.65 689.74 689.75 689.73 689.70 689.72 689.75 689.80 689.83 689.93 689.95 689.87 689.80 689.75 689.75 689.80 689.85 689.77 689.78 689.76 689.80 689.73 689.71 689.73 689.74 689.71 689.69 689.64 689.64 689.66 689.62 689.61 689.67 689.69 689.65 689.62 689.60 689.63 689.67 689.65 689.63 689.64 689.62 689.57 689.50 689.45 689.43 689.38 689.38 689.33 689.32 689.33 689.35 689.33 689.34 689.34 689.40 689.33 689.27
689.57 689.57 689.63 689.62 689.69 689.71 689.68 689.68 689.67 689.71 689.71 689.70 689.80 689.77 689.82 689.83 689.79 689.93 689.99 689.99 689.88 689.80 689.77 689.78 689.76 689.74 689.73 689.77 689.82 689.72 689.71 689.72 689.69 689.71 689.70 689.68 689.65 689.64 689.62 689.64 689.61 689.60 689.63 689.73 689.74 689.61 689.59 689.65 689.63 689.69 689.68 689.60 689.57 689.52 689.53 689.49 689.41 689.38 689.35 689.34 689.32 689.33 689.32 689.35 689.35 689.37 689.39 689.30
689.61 689.60 689.62 689.66 689.70 689.68 689.70 689.69 689.73 689.73 689.75 689.77 689.75 689.78 689.76 689.82 689.83 689.97 689.98 689.98 689.86 689.84 689.77 689.74 689.74 689.76 689.73 689.74 689.75 689.72 689.77 689.71 689.73 689.71 689.68 689.67 689.65 689.63 689.62 689.62 689.61 689.62 689.61 689.72 689.72 689.61 689.58 689.58 689.63 689.64 689.63 689.63 689.58 689.56 689.55 689.56 689.47 689.49 689.44 689.46 689.37 689.38 689.32 689.36 689.36 689.39 689.35 689.36
689.58 689.60 689.66 689.72 689.74 689.70 689.66 689.75 689.74 689.80 689.77 689.83 689.85 689.83 689.79 689.78 689.80 689.90 689.90 689.89 689.85 689.81 689.80 689.74 689.74 689.75 689.77 689.77 689.73 689.71 689.73 689.74 689.71 689.74 689.69 689.66 689.64 689.62 689.63 689.63 689.60 689.61 689.61 689.63 689.64 689.61 689.59 689.58 689.58 689.61 689.62 689.60 689.60 689.60 689.64 689.60 689.56 689.47 689.51 689.59 689.50 689.41 689.40 689.32 689.34 689.34 689.36 689.36
689.58 689.67 689.66 689.72 689.76 689.75 689.76 689.77 689.75 689.75 689.77 689.83 689.84 689.86 689.81 689.85 689.83 689.86 689.90 689.81 689.86 689.83 689.78 689.76 689.74 689.77 689.77 689.79 689.78 689.75 689.73 689.72 689.73 689.72 689.71 689.69 689.66 689.62 689.64 689.63 689.62 689.62 689.68 689.66 689.61 689.67 689.62 689.59 689.58 689.62 689.58 689.62 689.57 689.59 689.63 689.61 689.53 689.48 689.51 689.55 689.50 689.39 689.35 689.33 689.32 689.39 689.32 689.34
689.66 689.68 689.71 689.73 689.68 689.76 689.74 689.72 689.76 689.83 689.81 689.79 689.81 689.82 689.76 689.82 689.86 689.87 689.83 689.90 689.87 689.79 689.77 689.74 689.80 689.76 689.75 689.79 689.80 689.75 689.75 689.72 689.72 689.71 689.70 689.71 689.75 689.69 689.64 689.62 689.64 689.63 689.63 689.63 689.63 689.64 689.61 689.58 689.59 689.58 689.57 689.63 689.58 689.59 689.59 689.63 689.59 689.51 689.61 689.51 689.53 689.41 689.36 689.32 689.32 689.34 689.31 689.30
689.69 689.69 689.72 689.85 689.87 689.78 689.79 689.88 689.83 689.83 689.85 689.79 689.78 689.80 689.92 689.88 689.89 689.83 689.79 689.82 689.82 689.81 689.79 689.78 689.80 689.77 689.78 689.74 689.79 689.78 689.78 689.79 689.74 689.70 689.68 689.72 689.69 689.67 689.70 689.65 689.65 689.67 689.64 689.64 689.63 689.62 689.62 689.61 689.61 689.59 689.58 689.58 689.60 689.62 689.64 689.58 689.54 689.56 689.58 689.51 689.51 689.52 689.38 689.36 689.34 689.36 689.34 689.31
689.73 689.79 689.74 689.90 689.96 689.84 689.84 689.86 689.83 689.82 689.86 689.86 689.78 689.94 690.06 690.09 690.00 689.90 689.81 689.84 689.80 689.80 689.77 689.82 689.80 689.81 689.78 689.76 689.75 689.80 689.77 689.76 689.77 689.70 689.67 689.67 689.72 689.67 689.65 689.66 689.65 689.65 689.64 689.64 689.63 689.62 689.63 689.62 689.61 689.61 689.59 689.58 689.58 689.59 689.60 689.57 689.54 689.58 689.60 689.54 689.50 689.45 689.41 689.37 689.40 689.42 689.37 689.38
689.71 689.77 689.81 689.90 689.87 689.85 689.86 689.86 689.87 689.86 689.87 689.82 689.83 689.96 690.06 690.14 690.00 689.85 689.84 689.83 689.78 689.81 689.77 689.76 689.80 689.83 689.79 689.78 689.79 689.76 689.83 689.84 689.86 689.71 689.71 689.69 689.74 689.68 689.67 689.69 689.66 689.65 689.65 689.65 689.64 689.65 689.68 689.66 689.64 689.64 689.62 689.63 689.58 689.59 689.58 689.55 689.55 689.58 689.60 689.55 689.52 689.57 689.42 689.39 689.38 689.39 689.40 689.39
689.81 689.79 689.82 689.86 689.82 689.77 689.84 689.87 689.89 689.85 689.84 689.83 689.84 689.96 690.00 690.05 689.97 689.87 689.83 689.84 689.84 689.83 689.77 689.78 689.81 689.78 689.81 689.82 689.80 689.79 689.84 689.85 689.80 689.74 689.71 689.69 689.68 689.69 689.69 689.69 689.66 689.66 689.65 689.66 689.67 689.67 689.70 689.63 689.64 689.63 689.61 689.59 689.57 689.58 689.58 689.56 689.55 689.53 689.55 689.51 689.49 689.51 689.47 689.44 689.41 689.38 689.38 689.42
689.72 689.84 689.84 689.80 689.84 689.82 689.84 689.88 689.88 689.84 689.88 689.84 689.85 689.86 689.93 689.90 689.85 689.81 689.81 689.82 689.85 689.85 689.85 689.82 689.85 689.79 689.80 689.79 689.74 689.79 689.75 689.76 689.76 689.73 689.73 689.71 689.70 689.69 689.70 689.69 689.67 689.65 689.66 689.65 689.66 689.66 689.66 689.69 689.72 689.71 689.60 689.60 689.62 689.60 689.58 689.58 689.54 689.54 689.54 689.52 689.50 689.58 689.50 689.44 689.41 689.39 689.37 689.39
689.77 689.94 690.05 689.82 689.76 689.79 689.87 689.93 689.87 689.87 689.90 689.87 689.89 689.91 689.88 689.86 689.84 689.86 689.83 689.83 689.83 689.80 689.83 689.78 689.80 689.81 689.83 689.84 689.77 689.79 689.80 689.75 689.75 689.72 689.73 689.74 689.73 689.74 689.74 689.69 689.68 689.67 689.66 689.67 689.66 689.66 689.65 689.66 689.69 689.67 689.66 689.63 689.64 689.65 689.64 689.58 689.55 689.54 689.53 689.56 689.54 689.56 689.46 689.42 689.42 689.38 689.39 689.40
689.80 689.82 690.03 689.86 689.84 689.83 689.83 689.90 689.85 689.87 689.87 689.86 689.91 689.85 689.83 689.82 689.83 689.82 689.83 689.82 689.81 689.80 689.80 689.82 689.82 689.80 689.80 689.82 689.79 689.85 689.75 689.76 689.74 689.74 689.72 689.74 689.75 689.76 689.77 689.71 689.68 689.66 689.67 689.66 689.66 689.66 689.65 689.68 689.69 689.70 689.66 689.62 689.65 689.67 689.74 689.74 689.61 689.60 689.58 689.62 689.66 689.58 689.48 689.43 689.41 689.40 689.38 689.43
689.73 689.76 689.83 689.88 689.90 689.83 689.87 689.88 689.87 689.89 689.88 689.88 689.89 689.89 689.85 689.85 689.85 689.87 689.82 689.86 689.86 689.80 689.79 689.83 689.82 689.80 689.79 689.80 689.80 689.81 689.84 689.75 689.74 689.76 689.75 689.74 689.74 689.75 689.75 689.73 689.74 689.68 689.68 689.67 689.65 689.66 689.67 689.66 689.68 689.66 689.71 689.65 689.65 689.68 689.75 689.68 689.64 689.64 689.60 689.61 689.72 689.64 689.50 689.46 689.48 689.45 689.46 689.45
689.78 689.79 689.83 689.80 689.87 689.84 689.88 689.89 689.91 689.93 689.90 689.88 689.89 689.89 689.89 689.83 689.82 689.82 689.86 689.86 689.84 689.84 689.83 689.81 689.81 689.88 689.83 689.78 689.79 689.79 689.78 689.78 689.77 689.78 689.77 689.78 689.75 689.73 689.73 689.73 689.72 689.70 689.69 689.72 689.72 689.70 689.71 689.68 689.70 689.66 689.66 689.67 689.66 689.69 689.69 689.64 689.61 689.64 689.63 689.60 689.56 689.57 689.50 689.47 689.48 689.50 689.43 689.44
689.77 689.86 689.82 689.82 689.86 689.92 689.90 689.90 689.92 690.01 689.93 689.87 689.86 689.85 689.85 689.84 689.83 689.87 689.83 689.83 689.83 689.87 689.85 689.82 689.83 689.88 689.89 689.85 689.79 689.78 689.77 689.78 689.78 689.80 689.78 689.79 689.75 689.75 689.77 689.73 689.72 689.70 689.72 689.73 689.71 689.68 689.70 689.67 689.66 689.70 689.63 689.64 689.63 689.67 689.63 689.59 689.64 689.60 689.62 689.65 689.55 689.50 689.50 689.48 689.48 689.46 689.43 689.49
689.79 689.87 689.88 689.82 689.85 689.85 689.85 689.87 689.88 689.95 689.91 689.85 689.88 689.94 689.97 690.00 689.97 689.91 689.82 689.84 689.86 689.87 689.86 689.88 689.88 689.83 689.84 689.83 689.82 689.82 689.78 689.79 689.78 689.77 689.77 689.82 689.75 689.76 689.76 689.75 689.74 689.75 689.75 689.71 689.70 689.70 689.69 689.76 689.76 689.63 689.62 689.66 689.68 689.66 689.66 689.64 689.62 689.62 689.59 689.56 689.55 689.51 689.50 689.51 689.49 689.48 689.45 689.45
689.78 689.84 689.82 689.83 689.90 689.89 689.89 689.88 689.91 689.90 689.89 689.92 689.93 689.93 689.95 689.90 689.95 689.95 689.92 689.96 689.97 689.91 689.94 689.94 689.95 689.87 689.83 689.91 689.89 689.81 689.81 689.80 689.79 689.79 689.78 689.81 689.84 689.81 689.78 689.75 689.79 689.79 689.74 689.73 689.73 689.71 689.75 689.81 689.72 689.67 689.64 689.64 689.64 689.65 689.63 689.63 689.65 689.61 689.61 689.62 689.57 689.54 689.52 689.51 689.49 689.47 689.46 689.45
689.82 689.80 689.85 689.86 689.89 689.91 689.93 689.97 689.97 689.95 689.97 689.94 689.96 689.93 689.95 689.94 689.94 689.91 689.94 690.03 690.03 689.90 689.88 689.89 689.88 689.88 689.87 689.86 689.95 689.83 689.83 689.82 689.80 689.79 689.81 689.86 689.87 689.88 689.83 689.83 689.80 689.83 689.79 689.76 689.78 689.78 689.73 689.74 689.72 689.66 689.68 689.64 689.64 689.62 689.63 689.62 689.61 689.61 689.66 689.70 689.66 689.64 689.61 689.53 689.50 689.49 689.49 689.46
689.84 689.89 689.90 689.90 689.91 689.92 689.94 690.01 689.98 689.98 689.95 689.98 689.95 689.95 689.95 689.89 689.88 689.90 689.88 689.89 689.89 689.90 689.87 689.89 689.89 689.86 689.86 689.89 689.86 689.83 689.82 689.81 689.81 689.84 689.90 689.90 689.91 689.92 689.94 689.92 689.86 689.94 689.90 689.80 689.77 689.78 689.81 689.78 689.69 689.69 689.68 689.65 689.63 689.65 689.64 689.63 689.65 689.64 689.63 689.71 689.68 689.65 689.70 689.60 689.53 689.50 689.51 689.48
689.85 689.87 689.92 689.96 689.94 689.93 689.94 689.92 689.96 689.97 689.95 689.96 689.94 689.94 689.97 689.90 689.89 689.88 689.87 689.88 689.83 689.94 689.88 689.88 689.92 689.93 689.93 689.89 689.89 689.84 689.83 689.86 689.88 689.88 689.87 689.98 689.93 689.97 689.85 689.85 689.84 689.85 689.91 689.93 689.85 689.78 689.85 689.84 689.76 689.71 689.76 689.68 689.64 689.67 689.66 689.69 689.73 689.68 689.67 689.70 689.68 689.65 689.67 689.66 689.57 689.50 689.51 689.49
689.88 689.90 689.93 689.99 690.00 690.01 689.96 689.99 689.94 689.94 689.95 689.96 689.94 689.94 689.93 689.92 689.90 689.89 689.89 689.86 689.87 689.89 689.88 689.89 689.89 689.91 689.88 689.89 689.87 689.88 689.84 689.85 689.98 689.93 689.91 689.94 689.93 689.91 689.83 689.84 689.84 689.84 689.88 689.97 689.90 689.82 689.79 689.80 689.75 689.74 689.78 689.71 689.65 689.69 689.70 689.69 689.71 689.69 689.68 689.69 689.66 689.68 689.67 689.62 689.53 689.52 689.51 689.50
689.91 689.93 689.94 689.98 689.94 689.95 689.95 689.97 690.00 690.03 689.95 689.97 689.97 689.98 689.96 689.96 689.93 689.90 689.90 689.89 689.89 689.90 689.89 689.89 689.88 689.89 689.89 689.88 689.90 689.91 689.89 689.86 689.88 689.93 689.95 689.98 689.97 689.95 689.89 689.87 689.84 689.85 689.86 689.88 689.82 689.80 689.81 689.78 689.82 689.76 689.75 689.76 689.75 689.68 689.68 689.67 689.68 689.68 689.67 689.71 689.75 689.68 689.63 689.61 689.55 689.53 689.54 689.53
689.94 690.01 689.99 689.98 689.99 689.96 690.00 690.00 690.01 690.03 690.00 689.97 690.02 689.99 689.98 689.96 689.95 689.93 689.94 689.97 689.91 689.95 689.90 689.90 689.87 689.89 689.89 689.91 689.91 689.97 689.93 689.90 689.97 689.99 690.00 689.98 689.95 689.95 689.89 689.88 689.91 689.86 689.95 689.92 689.86 689.85 689.84 689.81 689.83 689.80 689.80 689.79 689.82 689.71 689.69 689.69 689.68 689.71 689.70 689.67 689.72 689.71 689.64 689.63 689.59 689.56 689.55 689.66
689.94 689.96 690.02 690.02 690.05 690.03 690.02 690.00 690.02 690.02 690.01 690.01 690.06 690.12 690.01 689.98 689.98 689.97 689.96 689.95 689.94 689.94 689.91 689.92 689.88 689.89 689.89 689.92 689.90 689.92 689.93 689.91 689.92 689.96 689.95 689.95 690.00 689.95 689.96 689.92 689.92 689.90 689.93 689.86 689.91 689.88 689.92 689.83 689.81 689.81 689.84 689.76 689.76 689.73 689.70 689.69 689.68 689.68 689.71 689.66 689.65 689.67 689.66 689.67 689.66 689.63 689.62 689.65
689.92 689.96 690.04 690.07 690.08 690.06 690.04 690.09 690.06 690.02 690.03 690.04 690.03 690.10 690.11 690.02 689.98 689.97 689.94 689.96 689.94 689.96 689.95 689.91 689.93 689.89 689.90 689.89 689.90 689.92 689.91 689.89 689.88 689.97 690.01 689.96 689.92 689.90 689.93 689.91 689.88 689.92 689.97 689.98 689.90 689.88 689.94 689.84 689.80 689.82 689.82 689.77 689.80 689.81 689.72 689.70 689.69 689.69 689.67 689.66 689.67 689.65 689.64 689.66 689.71 689.64 689.68 689.76
689.99 690.02 690.03 690.04 690.11 690.12 690.12 690.08 690.07 690.06 690.04 690.01 690.02 690.04 690.06 690.01 690.03 689.98 689.96 689.95 689.97 689.98 689.94 689.91 689.90 689.90 689.89 689.89 689.89 689.91 689.92 689.91 689.91 689.87 689.90 689.90 689.87 689.90 689.92 689.91 689.90 689.91 689.94 689.94 689.95 689.92 689.95 689.87 689.83 689.86 689.75 689.84 689.83 689.80 689.74 689.72 689.68 689.69 689.68 689.66 689.65 689.65 689.65 689.66 689.72 689.64 689.70 689.68
690.00 690.03 690.06 690.04 690.07 690.09 690.07 690.07 690.09 690.10 690.09 690.03 690.03 690.04 690.06 690.02 690.09 690.03 690.07 690.04 689.99 689.96 689.94 689.93 689.91 689.90 689.90 689.89 689.89 689.90 689.91 689.87 689.88 689.89 689.88 689.88 689.95 689.92 689.93 689.97 689.91 689.90 689.94 689.95 689.92 689.97 689.89 689.86 689.86 689.91 689.81 689.87 689.87 689.80 689.74 689.72 689.71 689.70 689.71 689.73 689.68 689.66 689.65 689.66 689.65 689.64 689.62 689.64
689.98 690.01 690.02 690.07 690.10 690.08 690.11 690.13 690.11 690.13 690.14 690.11 690.07 690.12 690.16 690.16 690.08 690.07 690.04 690.13 689.99 689.97 689.96 689.96 689.99 689.93 689.96 689.96 689.95 689.93 689.89 689.92 689.90 689.92 689.96 689.90 689.94 689.92 689.92 689.91 689.90 689.94 689.99 689.98 689.99 690.00 689.96 689.91 689.87 689.87 689.81 689.78 689.79 689.79 689.77 689.75 689.74 689.76 689.76 689.73 689.76 689.68 689.66 689.66 689.65 689.64 689.62 689.63
690.05 690.03 690.02 690.05 690.10 690.09 690.12 690.14 690.17 690.13 690.15 690.14 690.18 690.15 690.18 690.16 690.11 690.08 690.04 690.06 690.05 689.99 689.96 689.97 690.04 690.07 690.03 690.05 690.01 689.93 689.93 689.98 689.94 689.94 689.89 689.91 689.92 689.97 689.92 689.92 689.96 689.96 689.95 689.96 689.96 689.93 689.93 689.88 689.95 689.92 689.91 689.86 689.83 689.84 689.79 689.77 689.76 689.77 689.76 689.77 689.74 689.69 689.68 689.67 689.65 689.67 689.65 689.65
690.04 690.05 690.02 690.06 690.10 690.08 690.12 690.16 690.12 690.16 690.21 690.15 690.13 690.20 690.17 690.11 690.13 690.14 690.10 690.08 690.12 690.05 690.00 690.02 690.12 690.10 690.07 690.03 690.00 689.98 689.96 689.92 689.90 689.90 689.93 689.92 689.95 689.93 689.94 689.93 689.95 689.94 689.93 689.93 689.95 689.92 689.92 689.92 689.93 689.96 689.93 689.91 689.87 689.88 689.82 689.88 689.81 689.75 689.74 689.73 689.75 689.73 689.71 689.66 689.67 689.73 689.70 689.65
