temp.asc
ncols 500
nrows 500
xllcorner 697000.000000
yllcorner 7448000.000000
cellsize 2.000000
NODATA_value -9999.0
[rows 465 to 495 of 500, columns 272 to 339 of 500]
-9999.0 -9999.0 -9999.0 -9999.0 -9999.0 -9999.0 -9999.0 -9999.0 -9999.0 -9999.0 -9999.0 -9999.0 -9999.0 -9999.0 -9999.0 -9999.0 -9999.0 -9999.0 -9999.0 -9999.0 -9999.0 691.54 691.54 691.53 691.58 691.53 691.51 691.50 691.48 691.47 691.46 691.46 691.44 691.45 691.43 691.42 691.45 691.47 691.40 691.40 691.47 691.45 691.44 691.42 691.43 691.38 691.35 691.35 691.33 691.30 691.32 691.26 691.22 691.20 691.19 691.18 691.16 691.16 691.13 691.12 691.13 691.14 691.13 691.11 691.06 691.01 691.06 691.03
-9999.0 -9999.0 -9999.0 -9999.0 -9999.0 -9999.0 -9999.0 -9999.0 -9999.0 -9999.0 -9999.0 -9999.0 -9999.0 -9999.0 -9999.0 -9999.0 -9999.0 -9999.0 -9999.0 -9999.0 -9999.0 691.54 691.54 691.53 691.54 691.54 691.51 691.52 691.48 691.47 691.46 691.46 691.44 691.44 691.44 691.44 691.46 691.44 691.40 691.41 691.48 691.39 691.39 691.42 691.42 691.35 691.37 691.34 691.34 691.34 691.33 691.29 691.22 691.24 691.18 691.20 691.12 691.18 691.15 691.15 691.10 691.09 691.08 691.04 691.06 691.04 691.03 691.01
-9999.0 -9999.0 -9999.0 -9999.0 -9999.0 -9999.0 -9999.0 -9999.0 -9999.0 -9999.0 -9999.0 -9999.0 -9999.0 -9999.0 -9999.0 -9999.0 -9999.0 -9999.0 -9999.0 -9999.0 -9999.0 691.53 691.54 691.57 691.54 691.53 691.53 691.51 691.49 691.47 691.46 691.46 691.44 691.45 691.44 691.43 691.45 691.43 691.41 691.39 691.46 691.42 691.41 691.37 691.36 691.34 691.34 691.31 691.31 691.31 691.28 691.26 691.20 691.20 691.22 691.17 691.11 691.11 691.14 691.13 691.07 691.09 691.06 691.05 691.07 691.03 691.04 690.98
-9999.0 -9999.0 -9999.0 -9999.0 -9999.0 -9999.0 -9999.0 -9999.0 -9999.0 -9999.0 -9999.0 -9999.0 -9999.0 -9999.0 -9999.0 -9999.0 -9999.0 -9999.0 -9999.0 -9999.0 -9999.0 691.61 691.54 691.56 691.56 691.52 691.51 691.51 691.48 691.47 691.48 691.46 691.47 691.47 691.45 691.44 691.45 691.41 691.44 691.44 691.45 691.46 691.44 691.40 691.42 691.40 691.36 691.40 691.34 691.31 691.27 691.26 691.28 691.18 691.17 691.12 691.14 691.18 691.13 691.13 691.07 691.04 691.05 691.04 691.04 691.02 690.92 690.79
-9999.0 -9999.0 -9999.0 -9999.0 -9999.0 -9999.0 -9999.0 -9999.0 -9999.0 -9999.0 -9999.0 -9999.0 -9999.0 -9999.0 -9999.0 -9999.0 -9999.0 -9999.0 -9999.0 -9999.0 -9999.0 691.56 691.56 691.56 691.57 691.54 691.53 691.49 691.49 691.48 691.48 691.47 691.46 691.45 691.45 691.43 691.43 691.44 691.47 691.48 691.45 691.50 691.47 691.41 691.36 691.43 691.33 691.35 691.31 691.32 691.30 691.25 691.20 691.18 691.09 691.11 691.15 691.15 691.11 691.08 691.04 690.98 690.99 690.96 690.99 690.90 690.77 690.64
-9999.0 -9999.0 -9999.0 -9999.0 -9999.0 -9999.0 -9999.0 -9999.0 -9999.0 -9999.0 -9999.0 -9999.0 -9999.0 -9999.0 -9999.0 -9999.0 -9999.0 -9999.0 -9999.0 -9999.0 -9999.0 691.56 691.57 691.58 691.57 691.56 691.55 691.51 691.50 691.48 691.47 691.46 691.47 691.46 691.44 691.43 691.42 691.45 691.50 691.44 691.45 691.44 691.49 691.44 691.38 691.38 691.35 691.36 691.33 691.30 691.28 691.26 691.21 691.20 691.14 691.15 691.10 691.11 691.12 691.10 691.08 691.02 690.90 690.83 690.80 690.77 690.66 690.68
-9999.0 -9999.0 -9999.0 -9999.0 -9999.0 -9999.0 -9999.0 -9999.0 -9999.0 -9999.0 -9999.0 -9999.0 -9999.0 -9999.0 -9999.0 -9999.0 -9999.0 -9999.0 -9999.0 -9999.0 -9999.0 691.58 691.58 691.66 691.60 691.60 691.54 691.54 691.52 691.51 691.48 691.47 691.44 691.45 691.44 691.44 691.43 691.49 691.48 691.46 691.47 691.46 691.41 691.45 691.39 691.41 691.37 691.36 691.34 691.32 691.26 691.23 691.21 691.16 691.15 691.15 691.14 691.13 691.16 691.12 691.10 691.08 690.95 690.87 690.79 690.70 690.66 690.69
-9999.0 -9999.0 -9999.0 -9999.0 -9999.0 -9999.0 -9999.0 -9999.0 -9999.0 -9999.0 -9999.0 -9999.0 -9999.0 -9999.0 -9999.0 -9999.0 -9999.0 -9999.0 -9999.0 -9999.0 -9999.0 691.56 691.55 691.60 691.59 691.58 691.57 691.53 691.50 691.50 691.48 691.48 691.44 691.43 691.45 691.42 691.45 691.45 691.47 691.48 691.44 691.44 691.43 691.43 691.46 691.43 691.41 691.35 691.32 691.35 691.23 691.24 691.22 691.16 691.18 691.17 691.15 691.06 691.06 691.06 691.01 691.01 690.98 690.86 690.72 690.65 690.71 690.69
-9999.0 -9999.0 -9999.0 -9999.0 -9999.0 -9999.0 -9999.0 -9999.0 -9999.0 -9999.0 -9999.0 -9999.0 -9999.0 -9999.0 -9999.0 -9999.0 -9999.0 -9999.0 -9999.0 -9999.0 -9999.0 691.57 691.57 691.57 691.56 691.60 691.54 691.51 691.48 691.48 691.48 691.47 691.44 691.44 691.43 691.43 691.43 691.48 691.45 691.44 691.45 691.44 691.39 691.37 691.38 691.40 691.37 691.36 691.34 691.32 691.22 691.22 691.16 691.15 691.16 691.14 691.12 691.08 691.02 691.03 690.98 690.92 690.88 690.76 690.67 690.69 690.76 690.74
-9999.0 -9999.0 -9999.0 -9999.0 -9999.0 -9999.0 -9999.0 -9999.0 -9999.0 -9999.0 -9999.0 -9999.0 -9999.0 -9999.0 -9999.0 -9999.0 -9999.0 -9999.0 -9999.0 -9999.0 -9999.0 691.61 691.57 691.59 691.57 691.58 691.54 691.52 691.50 691.48 691.47 691.45 691.45 691.44 691.43 691.43 691.42 691.49 691.44 691.41 691.44 691.41 691.40 691.39 691.34 691.37 691.44 691.35 691.29 691.23 691.20 691.19 691.15 691.13 691.09 691.08 691.09 691.04 691.00 690.98 690.90 690.86 690.75 690.76 690.75 690.83 690.85 690.81
-9999.0 -9999.0 -9999.0 -9999.0 -9999.0 -9999.0 -9999.0 -9999.0 -9999.0 -9999.0 -9999.0 -9999.0 -9999.0 -9999.0 -9999.0 -9999.0 -9999.0 -9999.0 -9999.0 -9999.0 -9999.0 691.58 691.60 691.57 691.58 691.61 691.55 691.54 691.53 691.48 691.47 691.46 691.45 691.44 691.44 691.45 691.43 691.51 691.46 691.47 691.47 691.43 691.36 691.34 691.34 691.36 691.39 691.30 691.27 691.25 691.18 691.18 691.16 691.12 691.06 691.10 691.07 690.98 690.96 690.94 690.88 690.79 690.81 690.87 690.94 690.98 690.93 690.83
-9999.0 -9999.0 -9999.0 -9999.0 -9999.0 -9999.0 -9999.0 -9999.0 -9999.0 -9999.0 -9999.0 -9999.0 -9999.0 -9999.0 -9999.0 -9999.0 -9999.0 -9999.0 -9999.0 -9999.0 -9999.0 691.57 691.59 691.57 691.55 691.53 691.53 691.57 691.58 691.50 691.48 691.45 691.44 691.43 691.44 691.51 691.46 691.51 691.46 691.45 691.44 691.40 691.34 691.33 691.35 691.40 691.37 691.33 691.26 691.20 691.21 691.19 691.21 691.12 691.13 691.10 691.07 691.04 691.05 690.94 690.84 690.81 690.95 690.98 690.98 690.97 690.89 690.82
-9999.0 -9999.0 -9999.0 -9999.0 -9999.0 -9999.0 -9999.0 -9999.0 -9999.0 -9999.0 -9999.0 -9999.0 -9999.0 -9999.0 -9999.0 -9999.0 -9999.0 -9999.0 -9999.0 -9999.0 -9999.0 691.58 691.56 691.57 691.56 691.53 691.52 691.52 691.51 691.52 691.46 691.44 691.43 691.43 691.44 691.46 691.46 691.48 691.49 691.43 691.42 691.44 691.40 691.36 691.31 691.38 691.32 691.29 691.28 691.24 691.21 691.23 691.16 691.13 691.09 691.10 691.07 691.07 690.95 690.89 690.87 690.94 690.98 690.95 690.94 690.92 690.86 690.83
-9999.0 -9999.0 -9999.0 -9999.0 -9999.0 -9999.0 -9999.0 -9999.0 -9999.0 -9999.0 -9999.0 -9999.0 -9999.0 -9999.0 -9999.0 -9999.0 -9999.0 -9999.0 -9999.0 -9999.0 -9999.0 691.57 691.56 691.56 691.55 691.54 691.51 691.52 691.51 691.51 691.50 691.46 691.45 691.43 691.44 691.44 691.46 691.48 691.46 691.43 691.41 691.44 691.44 691.36 691.30 691.33 691.26 691.29 691.28 691.21 691.19 691.19 691.17 691.10 691.10 691.09 691.03 690.97 690.97 690.91 690.97 691.00 691.03 690.95 690.90 690.89 690.88 690.89
-9999.0 -9999.0 -9999.0 -9999.0 -9999.0 -9999.0 -9999.0 -9999.0 -9999.0 -9999.0 -9999.0 -9999.0 -9999.0 -9999.0 -9999.0 -9999.0 -9999.0 -9999.0 -9999.0 -9999.0 -9999.0 691.57 691.56 691.58 691.52 691.52 691.53 691.57 691.52 691.51 691.51 691.52 691.43 691.44 691.44 691.48 691.43 691.45 691.43 691.43 691.43 691.40 691.37 691.32 691.33 691.33 691.31 691.25 691.26 691.22 691.20 691.18 691.23 691.14 691.10 691.05 690.99 690.96 690.97 690.98 691.03 691.00 691.00 690.94 690.93 690.94 690.94 690.93
-9999.0 -9999.0 -9999.0 -9999.0 -9999.0 -9999.0 -9999.0 -9999.0 -9999.0 -9999.0 -9999.0 -9999.0 -9999.0 -9999.0 -9999.0 -9999.0 -9999.0 -9999.0 -9999.0 -9999.0 -9999.0 691.60 691.55 691.54 691.57 691.53 691.53 691.58 691.56 691.53 691.52 691.49 691.48 691.43 691.45 691.48 691.46 691.45 691.47 691.42 691.39 691.35 691.38 691.32 691.28 691.28 691.29 691.23 691.23 691.24 691.17 691.13 691.13 691.13 691.13 691.01 691.01 691.00 691.04 691.07 691.05 691.05 691.08 691.02 691.01 691.03 690.99 690.95
-9999.0 -9999.0 -9999.0 -9999.0 -9999.0 -9999.0 -9999.0 -9999.0 -9999.0 -9999.0 -9999.0 -9999.0 -9999.0 -9999.0 -9999.0 -9999.0 -9999.0 -9999.0 -9999.0 -9999.0 -9999.0 691.61 691.57 691.56 691.56 691.53 691.53 691.54 691.48 691.48 691.47 691.46 691.45 691.48 691.47 691.44 691.43 691.40 691.38 691.40 691.35 691.33 691.33 691.32 691.28 691.27 691.28 691.23 691.22 691.25 691.18 691.14 691.10 691.10 691.09 691.04 691.04 691.07 691.12 691.14 691.03 691.03 691.07 691.08 691.05 691.05 690.99 691.00
-9999.0 -9999.0 -9999.0 -9999.0 -9999.0 -9999.0 -9999.0 -9999.0 -9999.0 -9999.0 -9999.0 -9999.0 -9999.0 -9999.0 -9999.0 -9999.0 -9999.0 -9999.0 -9999.0 -9999.0 -9999.0 691.59 691.61 691.58 691.56 691.53 691.57 691.55 691.53 691.48 691.44 691.48 691.53 691.49 691.50 691.56 691.44 691.45 691.40 691.40 691.35 691.33 691.29 691.30 691.27 691.26 691.24 691.23 691.23 691.13 691.14 691.13 691.14 691.13 691.10 691.11 691.06 691.12 691.15 691.14 691.11 691.06 691.12 691.10 691.10 691.13 691.02 691.00
-9999.0 -9999.0 -9999.0 -9999.0 -9999.0 -9999.0 -9999.0 -9999.0 -9999.0 -9999.0 -9999.0 -9999.0 -9999.0 -9999.0 -9999.0 -9999.0 -9999.0 -9999.0 -9999.0 -9999.0 -9999.0 691.61 691.59 691.58 691.54 691.52 691.56 691.55 691.55 691.52 691.50 691.49 691.50 691.52 691.52 691.50 691.43 691.42 691.44 691.37 691.34 691.34 691.28 691.28 691.27 691.24 691.20 691.18 691.16 691.16 691.25 691.15 691.15 691.13 691.10 691.14 691.11 691.16 691.21 691.13 691.16 691.12 691.15 691.13 691.11 691.10 691.03 691.00
-9999.0 -9999.0 -9999.0 -9999.0 -9999.0 -9999.0 -9999.0 -9999.0 -9999.0 -9999.0 -9999.0 -9999.0 -9999.0 -9999.0 -9999.0 -9999.0 -9999.0 -9999.0 -9999.0 -9999.0 -9999.0 691.57 691.57 691.55 691.54 691.55 691.55 691.53 691.54 691.50 691.47 691.47 691.49 691.50 691.52 691.44 691.43 691.43 691.40 691.37 691.38 691.35 691.35 691.28 691.23 691.22 691.24 691.19 691.20 691.18 691.18 691.16 691.15 691.12 691.16 691.12 691.13 691.18 691.18 691.17 691.12 691.12 691.07 691.06 691.11 691.07 691.06 691.02
-9999.0 -9999.0 -9999.0 -9999.0 -9999.0 -9999.0 -9999.0 -9999.0 -9999.0 -9999.0 -9999.0 -9999.0 -9999.0 -9999.0 -9999.0 -9999.0 -9999.0 -9999.0 -9999.0 -9999.0 -9999.0 691.59 691.57 691.57 691.58 691.57 691.54 691.49 691.50 691.48 691.48 691.50 691.48 691.44 691.45 691.44 691.41 691.41 691.37 691.34 691.34 691.34 691.30 691.25 691.24 691.23 691.23 691.27 691.22 691.18 691.14 691.17 691.18 691.17 691.15 691.16 691.15 691.20 691.21 691.14 691.12 691.10 691.11 691.08 691.09 691.06 691.00 690.99
-9999.0 -9999.0 -9999.0 -9999.0 -9999.0 -9999.0 -9999.0 -9999.0 -9999.0 -9999.0 -9999.0 -9999.0 -9999.0 -9999.0 -9999.0 -9999.0 -9999.0 -9999.0 -9999.0 -9999.0 -9999.0 691.57 691.58 691.60 691.54 691.55 691.51 691.53 691.51 691.50 691.49 691.50 691.51 691.47 691.47 691.45 691.40 691.37 691.31 691.33 691.30 691.34 691.30 691.24 691.24 691.26 691.27 691.24 691.23 691.18 691.19 691.16 691.17 691.19 691.17 691.18 691.19 691.23 691.20 691.18 691.13 691.12 691.09 691.14 691.08 691.03 691.02 691.03
-9999.0 -9999.0 -9999.0 -9999.0 -9999.0 -9999.0 -9999.0 -9999.0 -9999.0 -9999.0 -9999.0 -9999.0 -9999.0 -9999.0 -9999.0 -9999.0 -9999.0 -9999.0 -9999.0 -9999.0 -9999.0 691.58 691.57 691.58 691.55 691.52 691.52 691.48 691.51 691.55 691.54 691.51 691.53 691.54 691.53 691.46 691.40 691.34 691.36 691.31 691.31 691.30 691.24 691.23 691.23 691.24 691.24 691.23 691.23 691.19 691.19 691.17 691.18 691.20 691.21 691.19 691.18 691.20 691.20 691.16 691.15 691.12 691.12 691.10 691.10 691.07 691.00 691.01
-9999.0 -9999.0 -9999.0 -9999.0 -9999.0 -9999.0 -9999.0 -9999.0 -9999.0 -9999.0 -9999.0 -9999.0 -9999.0 -9999.0 -9999.0 -9999.0 -9999.0 -9999.0 -9999.0 -9999.0 -9999.0 691.59 691.59 691.60 691.59 691.59 691.55 691.53 691.58 691.55 691.55 691.53 691.52 691.54 691.55 691.51 691.44 691.42 691.38 691.35 691.28 691.26 691.28 691.28 691.24 691.26 691.23 691.24 691.24 691.21 691.24 691.23 691.20 691.19 691.18 691.19 691.18 691.19 691.17 691.14 691.16 691.13 691.10 691.13 691.07 691.08 691.03 691.02
-9999.0 -9999.0 -9999.0 -9999.0 -9999.0 -9999.0 -9999.0 -9999.0 -9999.0 -9999.0 -9999.0 -9999.0 -9999.0 -9999.0 -9999.0 -9999.0 -9999.0 -9999.0 -9999.0 -9999.0 -9999.0 691.57 691.58 691.59 691.58 691.58 691.58 691.56 691.54 691.52 691.50 691.52 691.52 691.51 691.56 691.50 691.45 691.41 691.44 691.36 691.32 691.29 691.30 691.34 691.34 691.34 691.31 691.27 691.24 691.24 691.28 691.25 691.25 691.23 691.22 691.24 691.20 691.18 691.18 691.20 691.15 691.12 691.13 691.08 691.06 691.09 691.07 690.98
-9999.0 -9999.0 -9999.0 -9999.0 -9999.0 -9999.0 -9999.0 -9999.0 -9999.0 -9999.0 -9999.0 -9999.0 -9999.0 -9999.0 -9999.0 -9999.0 -9999.0 -9999.0 -9999.0 -9999.0 -9999.0 691.57 691.58 691.58 691.59 691.58 691.56 691.55 691.56 691.59 691.51 691.52 691.48 691.53 691.50 691.50 691.44 691.40 691.42 691.37 691.35 691.33 691.34 691.37 691.37 691.38 691.32 691.30 691.31 691.32 691.31 691.31 691.30 691.28 691.29 691.27 691.23 691.19 691.20 691.23 691.20 691.13 691.09 691.09 691.11 691.14 691.06 690.92
-9999.0 -9999.0 -9999.0 -9999.0 -9999.0 -9999.0 -9999.0 -9999.0 -9999.0 -9999.0 -9999.0 -9999.0 -9999.0 -9999.0 -9999.0 -9999.0 -9999.0 -9999.0 -9999.0 -9999.0 -9999.0 691.57 691.57 691.58 691.61 691.57 691.56 691.54 691.53 691.58 691.55 691.53 691.51 691.50 691.49 691.46 691.48 691.46 691.37 691.36 691.32 691.33 691.32 691.33 691.33 691.35 691.36 691.32 691.36 691.33 691.34 691.31 691.29 691.30 691.30 691.28 691.24 691.20 691.19 691.20 691.17 691.12 691.11 691.14 691.13 691.05 691.00 690.86
-9999.0 -9999.0 -9999.0 -9999.0 -9999.0 -9999.0 -9999.0 -9999.0 -9999.0 -9999.0 -9999.0 -9999.0 -9999.0 -9999.0 -9999.0 -9999.0 -9999.0 -9999.0 -9999.0 -9999.0 -9999.0 691.62 691.63 691.58 691.55 691.57 691.54 691.57 691.56 691.57 691.58 691.57 691.54 691.53 691.46 691.47 691.51 691.44 691.35 691.35 691.34 691.35 691.33 691.33 691.34 691.33 691.31 691.32 691.33 691.33 691.32 691.31 691.32 691.33 691.32 691.29 691.22 691.20 691.22 691.21 691.17 691.17 691.10 691.12 691.14 691.06 690.93 690.87
-9999.0 -9999.0 -9999.0 -9999.0 -9999.0 -9999.0 -9999.0 -9999.0 -9999.0 -9999.0 -9999.0 -9999.0 -9999.0 -9999.0 -9999.0 -9999.0 -9999.0 -9999.0 -9999.0 -9999.0 -9999.0 691.58 691.62 691.58 691.55 691.57 691.53 691.54 691.52 691.54 691.57 691.56 691.55 691.55 691.49 691.50 691.47 691.41 691.38 691.40 691.38 691.36 691.34 691.31 691.35 691.38 691.38 691.35 691.32 691.39 691.30 691.32 691.33 691.35 691.29 691.29 691.23 691.23 691.24 691.19 691.16 691.12 691.08 691.11 691.09 690.96 690.89 690.88
-9999.0 -9999.0 -9999.0 -9999.0 -9999.0 -9999.0 -9999.0 -9999.0 -9999.0 -9999.0 -9999.0 -9999.0 -9999.0 -9999.0 -9999.0 -9999.0 -9999.0 -9999.0 -9999.0 -9999.0 -9999.0 691.58 691.62 691.60 691.56 691.56 691.54 691.52 691.51 691.54 691.57 691.58 691.56 691.51 691.43 691.48 691.37 691.37 691.42 691.43 691.37 691.34 691.39 691.36 691.34 691.35 691.38 691.35 691.32 691.38 691.36 691.33 691.36 691.35 691.35 691.30 691.30 691.25 691.24 691.19 691.15 691.18 691.08 691.03 690.98 690.93 690.97 690.92
-9999.0 -9999.0 -9999.0 -9999.0 -9999.0 -9999.0 -9999.0 -9999.0 -9999.0 -9999.0 -9999.0 -9999.0 -9999.0 -9999.0 -9999.0 -9999.0 -9999.0 -9999.0 -9999.0 -9999.0 -9999.0 691.57 691.63 691.68 691.63 691.53 691.53 691.56 691.54 691.57 691.54 691.52 691.53 691.49 691.44 691.48 691.40 691.44 691.42 691.43 691.36 691.36 691.33 691.35 691.35 691.34 691.36 691.33 691.35 691.37 691.36 691.34 691.31 691.29 691.28 691.29 691.30 691.24 691.22 691.17 691.20 691.17 691.10 690.99 690.90 690.92 690.97 690.98
