temp.asc
ncols 500
nrows 500
xllcorner 697000.000000
yllcorner 7448000.000000
cellsize 2.000000
NODATA_value -9999.0
[rows 0 to 30 of 500, columns 340 to 407 of 500]
693.62 693.62 693.58 693.55 693.53 693.53 693.47 693.47 693.42 693.40 693.34 693.28 693.27 693.22 693.20 693.12 693.07 693.07 693.01 692.96 692.86 692.83 692.80 692.82 692.78 692.72 692.71 692.68 692.60 692.55 692.52 692.36 692.43 692.43 692.41 692.37 692.26 692.22 692.24 692.21 692.17 692.09 -9999.0 -9999.0 -9999.0 -9999.0 -9999.0 -9999.0 -9999.0 -9999.0 -9999.0 -9999.0 -9999.0 -9999.0 -9999.0 -9999.0 -9999.0 -9999.0 -9999.0 -9999.0 -9999.0 -9999.0 -9999.0 -9999.0 -9999.0 -9999.0 -9999.0 -9999.0
693.67 693.58 693.54 693.57 693.51 693.59 693.51 693.51 693.44 693.36 693.38 693.31 693.28 693.30 693.32 693.22 693.12 693.04 693.07 692.95 692.89 692.86 692.87 692.79 692.76 692.74 692.74 692.70 692.63 692.65 692.62 692.58 692.50 692.42 692.38 692.34 692.31 692.24 692.10 692.03 692.03 692.09 692.09 692.07 692.06 691.96 691.95 691.98 691.89 691.86 691.71 691.70 691.76 691.74 691.74 691.63 691.54 691.49 691.43 691.36 691.30 691.21 691.14 691.10 691.09 690.97 690.88 690.80
693.62 693.69 693.63 693.56 693.60 693.57 693.55 693.52 693.50 693.36 693.38 693.33 693.28 693.24 693.31 693.24 693.18 693.12 693.04 692.95 692.95 692.86 692.86 692.80 692.79 692.80 692.74 692.69 692.64 692.65 692.64 692.63 692.52 692.41 692.41 692.32 692.32 692.19 692.15 692.16 692.11 692.14 692.10 692.02 692.03 692.02 691.95 691.93 691.85 691.89 691.81 691.79 691.77 691.71 691.68 691.71 691.51 691.51 691.47 691.39 691.32 691.29 691.23 691.24 691.17 691.05 691.00 690.97
693.61 693.66 693.67 693.64 693.58 693.64 693.55 693.51 693.43 693.39 693.41 693.33 693.32 693.25 693.26 693.26 693.19 693.08 693.06 693.03 692.98 692.95 692.86 692.80 692.80 692.78 692.74 692.71 692.73 692.72 692.61 692.61 692.53 692.47 692.41 692.29 692.32 692.29 692.29 692.18 692.19 692.22 692.12 692.08 692.04 691.99 691.92 691.98 691.91 691.94 691.91 691.82 691.77 691.70 691.62 691.56 691.55 691.49 691.53 691.51 691.39 691.35 691.29 691.23 691.20 691.18 691.13 691.10
693.70 693.64 693.66 693.65 693.66 693.63 693.58 693.49 693.48 693.44 693.41 693.34 693.31 693.28 693.28 693.24 693.24 693.16 693.11 693.06 692.99 692.96 692.87 692.82 692.78 692.80 692.72 692.66 692.64 692.69 692.64 692.70 692.58 692.51 692.46 692.38 692.32 692.35 692.28 692.28 692.25 692.25 692.22 692.18 692.15 691.99 691.96 692.00 691.95 691.93 691.91 691.84 691.81 691.76 691.65 691.58 691.55 691.59 691.59 691.46 691.42 691.39 691.35 691.29 691.24 691.20 691.20 691.11
693.72 693.74 693.70 693.65 693.66 693.61 693.59 693.52 693.49 693.44 693.44 693.38 693.31 693.31 693.29 693.25 693.23 693.17 693.14 693.08 693.04 692.95 692.93 692.89 692.81 692.81 692.73 692.62 692.65 692.63 692.63 692.59 692.61 692.62 692.64 692.49 692.35 692.34 692.28 692.30 692.28 692.29 692.24 692.23 692.12 692.03 692.01 692.00 692.05 691.99 691.88 691.87 691.81 691.78 691.70 691.60 691.61 691.50 691.59 691.50 691.47 691.41 691.36 691.31 691.23 691.21 691.22 691.15
693.75 693.75 693.69 693.76 693.63 693.64 693.65 693.57 693.53 693.49 693.49 693.48 693.37 693.36 693.31 693.27 693.23 693.20 693.15 693.13 693.08 692.98 692.97 692.89 692.89 692.77 692.70 692.73 692.72 692.69 692.61 692.60 692.59 692.70 692.58 692.49 692.30 692.35 692.33 692.34 692.35 692.29 692.33 692.25 692.12 692.11 692.07 692.05 692.03 692.04 691.97 691.87 691.82 691.75 691.74 691.63 691.63 691.63 691.62 691.62 691.54 691.51 691.39 691.35 691.27 691.26 691.18 691.15
693.80 693.77 693.70 693.70 693.68 693.72 693.63 693.61 693.62 693.59 693.49 693.46 693.47 693.39 693.35 693.30 693.30 693.23 693.13 693.11 693.04 692.98 692.90 692.91 692.87 692.76 692.68 692.73 692.79 692.70 692.63 692.59 692.58 692.56 692.53 692.43 692.34 692.32 692.32 692.29 692.26 692.28 692.28 692.18 692.22 692.09 692.07 692.03 692.03 692.04 691.96 691.90 691.84 691.90 691.82 691.68 691.69 691.64 691.59 691.59 691.59 691.57 691.41 691.34 691.32 691.24 691.27 691.14
693.84 693.83 693.78 693.71 693.69 693.72 693.66 693.67 693.67 693.63 693.59 693.49 693.41 693.38 693.36 693.31 693.30 693.25 693.17 693.11 692.98 693.02 692.90 692.87 692.82 692.77 692.78 692.74 692.66 692.65 692.63 692.58 692.58 692.50 692.50 692.46 692.44 692.38 692.31 692.33 692.31 692.21 692.18 692.21 692.14 692.08 692.03 692.00 692.07 692.07 692.03 691.89 691.86 691.85 691.83 691.77 691.72 691.70 691.60 691.61 691.60 691.53 691.53 691.38 691.32 691.27 691.29 691.21
693.88 693.81 693.76 693.74 693.74 693.71 693.71 693.64 693.59 693.65 693.58 693.48 693.44 693.43 693.38 693.33 693.24 693.22 693.13 693.09 693.04 693.03 692.96 692.96 692.89 692.84 692.76 692.70 692.71 692.65 692.61 692.59 692.56 692.54 692.48 692.49 692.42 692.38 692.31 692.30 692.27 692.23 692.24 692.18 692.21 692.14 692.12 692.03 692.00 692.05 692.04 691.95 691.92 691.88 691.81 691.79 691.73 691.69 691.66 691.59 691.56 691.56 691.54 691.42 691.37 691.34 691.33 691.26
693.95 693.90 693.79 693.76 693.72 693.71 693.68 693.63 693.61 693.59 693.55 693.48 693.43 693.45 693.40 693.35 693.27 693.16 693.12 693.11 693.06 693.08 692.98 692.96 692.97 692.89 692.80 692.75 692.66 692.66 692.62 692.56 692.57 692.56 692.53 692.47 692.44 692.38 692.32 692.34 692.31 692.26 692.22 692.25 692.18 692.13 692.05 692.04 692.03 692.03 692.06 691.95 691.92 691.85 691.90 691.82 691.75 691.67 691.62 691.60 691.57 691.52 691.48 691.47 691.39 691.43 691.39 691.27
693.92 693.88 693.83 693.80 693.72 693.71 693.68 693.63 693.62 693.54 693.45 693.44 693.46 693.44 693.34 693.28 693.28 693.22 693.17 693.17 693.20 693.15 693.08 692.97 692.90 692.87 692.82 692.78 692.70 692.70 692.64 692.60 692.60 692.52 692.49 692.51 692.46 692.41 692.37 692.38 692.35 692.33 692.24 692.28 692.26 692.13 692.04 692.03 692.05 692.05 692.01 691.93 691.89 691.87 691.86 691.82 691.73 691.69 691.67 691.61 691.58 691.59 691.52 691.50 691.43 691.44 691.43 691.40
693.96 693.93 693.92 693.77 693.74 693.75 693.66 693.65 693.58 693.56 693.46 693.43 693.49 693.43 693.38 693.30 693.26 693.22 693.21 693.16 693.24 693.12 693.07 693.02 692.95 692.91 692.82 692.78 692.76 692.70 692.65 692.66 692.63 692.55 692.53 692.47 692.47 692.42 692.34 692.38 692.44 692.39 692.27 692.22 692.17 692.19 692.12 692.05 692.04 692.06 691.98 691.97 692.00 691.82 691.88 691.78 691.74 691.67 691.66 691.63 691.63 691.56 691.55 691.45 691.41 691.46 691.37 691.34
693.95 693.86 693.89 693.79 693.74 693.70 693.62 693.62 693.61 693.53 693.48 693.41 693.46 693.45 693.40 693.31 693.27 693.26 693.18 693.21 693.10 693.11 693.03 693.02 692.97 692.91 692.85 692.85 692.74 692.69 692.71 692.65 692.65 692.62 692.58 692.54 692.49 692.41 692.37 692.33 692.36 692.36 692.31 692.26 692.19 692.18 692.13 692.13 692.08 692.08 691.98 692.01 691.98 691.85 691.83 691.82 691.78 691.73 691.69 691.69 691.71 691.58 691.56 691.48 691.48 691.49 691.48 691.36
693.93 693.86 693.88 693.76 693.71 693.77 693.67 693.66 693.60 693.55 693.50 693.46 693.44 693.43 693.31 693.31 693.24 693.22 693.21 693.25 693.17 693.12 693.09 693.01 692.98 692.93 692.92 692.84 692.78 692.73 692.73 692.72 692.66 692.61 692.61 692.51 692.50 692.43 692.43 692.40 692.35 692.30 692.31 692.26 692.24 692.19 692.18 692.17 692.17 692.10 692.03 692.01 691.96 691.96 691.86 691.80 691.77 691.74 691.72 691.73 691.66 691.61 691.58 691.51 691.50 691.48 691.44 691.46
693.95 693.87 693.79 693.81 693.71 693.75 693.69 693.67 693.68 693.56 693.52 693.48 693.44 693.42 693.35 693.30 693.26 693.28 693.26 693.25 693.20 693.15 693.06 692.99 693.02 692.91 692.85 692.85 692.83 692.76 692.71 692.68 692.67 692.66 692.57 692.54 692.46 692.44 692.44 692.40 692.34 692.32 692.34 692.32 692.27 692.20 692.21 692.11 692.16 692.08 692.01 692.04 692.01 691.96 691.85 691.82 691.83 691.73 691.76 691.75 691.70 691.66 691.57 691.59 691.53 691.51 691.44 691.42
693.94 693.87 693.81 693.75 693.75 693.74 693.71 693.67 693.63 693.58 693.53 693.52 693.49 693.40 693.33 693.32 693.30 693.31 693.29 693.27 693.25 693.14 693.08 693.02 693.02 693.01 692.93 692.84 692.88 692.80 692.74 692.75 692.69 692.69 692.59 692.59 692.51 692.50 692.41 692.41 692.39 692.31 692.29 692.27 692.29 692.26 692.19 692.15 692.15 692.10 692.10 692.01 692.05 691.97 691.97 691.86 691.83 691.78 691.76 691.81 691.75 691.65 691.61 691.63 691.52 691.46 691.52 691.44
693.94 693.81 693.82 693.79 693.76 693.77 693.74 693.70 693.64 693.59 693.57 693.56 693.49 693.44 693.40 693.37 693.32 693.36 693.28 693.27 693.26 693.18 693.12 693.08 693.06 692.98 692.95 692.89 692.88 692.84 692.75 692.78 692.74 692.70 692.63 692.61 692.56 692.49 692.43 692.43 692.42 692.40 692.35 692.30 692.30 692.30 692.23 692.20 692.18 692.10 692.05 692.09 692.00 691.97 691.88 691.87 691.87 691.86 691.82 691.83 691.75 691.74 691.64 691.62 691.56 691.57 691.52 691.41
693.89 693.88 693.84 693.80 693.76 693.74 693.73 693.68 693.68 693.59 693.60 693.59 693.63 693.56 693.46 693.45 693.39 693.35 693.28 693.30 693.23 693.23 693.18 693.06 693.04 693.01 692.97 692.91 692.85 692.84 692.81 692.82 692.79 692.75 692.70 692.62 692.57 692.53 692.49 692.45 692.42 692.41 692.40 692.33 692.31 692.28 692.24 692.19 692.23 692.16 692.10 692.13 692.01 691.99 691.92 691.90 691.89 691.86 691.79 691.79 691.82 691.70 691.70 691.62 691.64 691.60 691.53 691.47
693.95 693.89 693.88 693.80 693.81 693.84 693.76 693.69 693.67 693.64 693.67 693.65 693.60 693.56 693.45 693.43 693.42 693.34 693.39 693.33 693.24 693.19 693.11 693.08 693.03 693.07 693.06 692.95 692.90 692.96 692.90 692.86 692.83 692.78 692.75 692.60 692.62 692.58 692.48 692.49 692.46 692.43 692.38 692.35 692.35 692.29 692.29 692.24 692.21 692.23 692.17 692.08 692.04 692.01 691.98 691.91 691.93 691.84 691.82 691.79 691.81 691.81 691.70 691.66 691.62 691.56 691.56 691.54
693.93 693.96 693.87 693.88 693.85 693.82 693.75 693.70 693.67 693.68 693.72 693.66 693.56 693.50 693.45 693.43 693.42 693.37 693.33 693.29 693.29 693.19 693.20 693.13 693.09 693.08 693.05 692.97 692.94 692.89 692.86 692.88 692.85 692.74 692.72 692.69 692.63 692.63 692.50 692.48 692.50 692.43 692.42 692.37 692.34 692.30 692.29 692.29 692.27 692.26 692.15 692.07 692.06 692.02 691.98 691.97 691.88 691.87 691.88 691.83 691.80 691.80 691.74 691.67 691.65 691.61 691.56 691.59
693.95 693.92 693.89 693.87 693.85 693.80 693.76 693.73 693.69 693.72 693.63 693.58 693.51 693.49 693.48 693.43 693.44 693.37 693.35 693.29 693.26 693.21 693.15 693.14 693.09 693.03 693.03 693.00 692.93 692.87 692.85 692.81 692.75 692.72 692.72 692.74 692.66 692.60 692.60 692.51 692.53 692.44 692.42 692.39 692.33 692.31 692.30 692.25 692.23 692.22 692.17 692.06 692.08 692.04 692.08 691.98 691.97 691.87 691.87 691.85 691.83 691.80 691.68 691.69 691.71 691.66 691.60 691.56
693.95 693.95 693.89 693.90 693.83 693.80 693.75 693.73 693.74 693.74 693.63 693.58 693.54 693.50 693.48 693.41 693.38 693.35 693.33 693.32 693.25 693.17 693.14 693.16 693.10 693.11 692.97 692.97 692.94 692.87 692.81 692.78 692.77 692.71 692.64 692.66 692.67 692.60 692.56 692.56 692.50 692.43 692.41 692.44 692.39 692.35 692.32 692.31 692.25 692.17 692.19 692.13 692.05 692.05 692.06 691.99 691.95 691.92 691.88 691.83 691.79 691.74 691.71 691.70 691.70 691.68 691.63 691.55
694.01 693.96 693.92 693.87 693.83 693.79 693.74 693.75 693.75 693.64 693.65 693.54 693.55 693.53 693.46 693.41 693.39 693.35 693.35 693.29 693.29 693.24 693.24 693.15 693.14 693.08 693.00 692.93 692.94 692.93 692.88 692.84 692.80 692.73 692.68 692.67 692.64 692.64 692.61 692.58 692.54 692.55 692.53 692.44 692.39 692.34 692.29 692.27 692.28 692.21 692.32 692.16 692.12 692.12 691.99 692.05 691.94 691.96 691.91 691.84 691.82 691.76 691.72 691.71 691.71 691.64 691.64 691.61
693.95 693.92 693.88 693.86 693.85 693.79 693.76 693.77 693.72 693.71 693.62 693.52 693.58 693.53 693.50 693.39 693.40 693.41 693.33 693.33 693.28 693.22 693.18 693.11 693.18 693.20 693.07 692.95 692.98 692.88 692.93 693.02 692.75 692.74 692.67 692.66 692.65 692.63 692.61 692.58 692.56 692.55 692.49 692.51 692.41 692.35 692.28 692.30 692.30 692.25 692.19 692.13 692.10 692.13 692.05 692.04 691.95 691.94 691.92 691.86 691.90 691.85 691.84 691.78 691.72 691.68 691.66 691.65
693.93 693.92 693.90 693.89 693.82 693.86 693.87 693.82 693.70 693.68 693.59 693.57 693.53 693.50 693.46 693.37 693.35 693.37 693.33 693.28 693.27 693.21 693.16 693.12 693.19 693.26 693.11 693.02 692.97 692.97 692.89 692.89 692.78 692.72 692.68 692.65 692.61 692.62 692.63 692.61 692.57 692.52 692.52 692.46 692.49 692.32 692.27 692.35 692.27 692.32 692.27 692.17 692.09 692.12 692.07 692.07 692.03 691.92 691.94 691.85 691.84 691.91 691.84 691.78 691.72 691.76 691.64 691.69
693.90 693.90 693.90 693.87 693.87 693.87 693.80 693.75 693.72 693.63 693.59 693.60 693.53 693.54 693.42 693.40 693.34 693.37 693.31 693.31 693.32 693.27 693.17 693.15 693.13 693.14 693.14 693.09 693.03 693.01 692.97 692.90 692.86 692.76 692.76 692.68 692.70 692.58 692.61 692.62 692.57 692.55 692.51 692.49 692.38 692.40 692.32 692.37 692.36 692.22 692.24 692.22 692.19 692.11 692.11 692.09 692.03 692.04 691.93 691.87 691.87 691.87 691.89 691.80 691.73 691.75 691.71 691.68
693.89 693.86 693.87 693.85 693.81 693.83 693.77 693.72 693.70 693.66 693.61 693.59 693.53 693.54 693.45 693.44 693.38 693.41 693.37 693.31 693.38 693.29 693.15 693.13 693.17 693.13 693.08 693.09 693.05 693.02 693.00 692.92 692.87 692.82 692.72 692.69 692.70 692.72 692.63 692.61 692.54 692.56 692.48 692.42 692.35 692.34 692.34 692.35 692.33 692.26 692.26 692.14 692.23 692.16 692.12 692.11 692.05 692.02 691.98 691.96 691.89 691.91 691.86 691.87 691.77 691.75 691.68 691.72
693.87 693.86 693.84 693.83 693.86 693.77 693.81 693.82 693.72 693.66 693.67 693.61 693.58 693.47 693.47 693.42 693.42 693.40 693.36 693.36 693.38 693.26 693.20 693.16 693.14 693.12 693.08 693.14 693.09 693.04 692.93 692.86 692.84 692.83 692.78 692.71 692.64 692.71 692.62 692.65 692.55 692.51 692.49 692.43 692.44 692.47 692.41 692.38 692.34 692.28 692.22 692.20 692.15 692.17 692.11 692.12 692.04 692.10 692.09 691.97 691.99 691.98 691.91 691.88 691.86 691.77 691.67 691.66
693.87 693.90 693.89 693.84 693.88 693.81 693.82 693.92 693.86 693.70 693.70 693.61 693.53 693.47 693.47 693.50 693.38 693.40 693.35 693.30 693.29 693.26 693.18 693.16 693.14 693.13 693.07 692.97 692.95 692.97 692.90 692.87 692.87 692.77 692.74 692.75 692.63 692.70 692.67 692.67 692.57 692.52 692.47 692.51 692.50 692.42 692.40 692.37 692.31 692.26 692.25 692.22 692.15 692.15 692.14 692.13 692.11 692.06 692.05 692.02 691.97 691.96 691.95 691.95 691.87 691.75 691.66 691.64
693.89 693.89 693.86 693.86 693.87 693.81 693.78 693.84 693.77 693.68 693.64 693.59 693.55 693.49 693.51 693.44 693.42 693.39 693.31 693.31 693.27 693.23 693.21 693.19 693.14 693.16 693.06 693.03 692.95 692.93 692.92 692.86 692.82 692.79 692.76 692.75 692.66 692.71 692.68 692.58 692.59 692.57 692.51 692.50 692.43 692.42 692.44 692.36 692.30 692.32 692.23 692.23 692.21 692.17 692.16 692.15 692.14 692.12 692.05 692.06 691.98 691.97 691.94 691.92 691.94 691.84 691.70 691.67
