temp.asc
ncols 500
nrows 500
xllcorner 697000.000000
yllcorner 7448000.000000
cellsize 2.000000
NODATA_value -9999.0
[rows 248 to 278 of 500, columns 340 to 407 of 500]
689.68 689.62 689.59 689.61 689.62 689.57 689.52 689.54 689.34 689.40 689.36 689.28 689.28 689.23 689.17 689.08 689.03 689.00 688.96 688.96 688.94 688.90 688.94 688.95 688.89 688.92 688.88 688.91 688.96 688.89 688.78 688.73 688.76 688.81 688.77 688.73 688.76 688.92 688.95 688.81 688.82 688.83 688.79 688.66 688.40 686.94 686.73 688.25 688.87 689.24 689.54 689.34 689.08 689.00 689.02 689.15 689.20 689.02 688.97 689.01 689.03 689.05 689.05 689.05 689.16 689.32 689.10 688.43
689.62 689.60 689.56 689.58 689.57 689.55 689.48 689.38 689.35 689.36 689.39 689.29 689.18 689.14 689.07 689.03 689.02 689.00 688.92 689.00 688.91 688.91 688.91 688.91 688.88 688.87 688.91 688.98 688.98 688.85 688.76 688.74 688.80 688.78 688.74 688.87 688.82 689.03 689.03 688.92 688.78 688.79 688.71 688.53 688.37 687.34 687.97 688.63 688.93 689.10 689.32 689.29 688.97 688.96 689.00 689.14 689.18 688.97 688.98 688.99 689.01 689.02 689.05 689.06 689.29 689.33 688.91 688.09
689.61 689.66 689.68 689.69 689.59 689.50 689.48 689.44 689.50 689.37 689.27 689.23 689.18 689.13 689.06 689.02 689.06 688.94 688.95 688.95 688.94 689.00 688.91 688.95 688.94 688.82 688.90 688.92 688.90 688.85 688.82 688.76 688.76 688.82 688.82 688.86 688.83 688.85 688.81 688.81 688.79 688.74 688.60 688.47 688.38 687.60 687.99 688.58 688.82 689.17 689.39 689.23 689.09 688.87 688.78 689.19 689.16 688.93 688.96 689.00 689.01 688.99 689.04 689.03 689.28 689.26 688.51 687.93
689.59 689.64 689.66 689.58 689.53 689.48 689.46 689.45 689.39 689.36 689.23 689.27 689.11 689.12 689.13 689.04 688.98 688.99 688.93 688.96 688.91 688.90 688.90 688.86 688.86 688.84 688.81 688.89 688.86 688.75 688.76 688.75 688.89 688.86 688.90 688.82 688.77 688.76 688.78 688.77 688.76 688.65 688.45 688.34 688.09 687.48 688.11 688.64 688.93 689.85 690.41 689.53 688.64 687.95 687.78 687.91 688.49 688.85 688.92 688.97 688.97 688.98 689.01 689.02 689.21 689.53 688.45 687.89
689.61 689.64 689.61 689.51 689.51 689.48 689.48 689.43 689.33 689.28 689.18 689.13 689.10 689.04 689.03 689.01 688.94 688.98 688.98 688.93 688.92 688.83 688.81 688.85 688.82 688.77 688.74 688.79 688.79 688.84 688.83 688.89 688.96 688.97 688.91 688.86 688.85 688.83 688.70 688.75 688.72 688.56 688.38 688.35 688.12 687.46 688.35 688.67 689.06 689.95 690.65 689.57 688.55 687.83 687.60 687.77 688.44 688.84 688.87 688.89 688.94 688.93 688.94 688.98 689.13 689.40 688.30 687.82
689.61 689.63 689.61 689.55 689.42 689.41 689.40 689.39 689.27 689.22 689.15 689.11 689.07 689.02 689.06 689.03 688.96 688.95 688.99 688.96 688.89 688.86 688.81 688.79 688.81 688.73 688.75 688.77 688.78 688.85 688.84 688.92 689.00 688.94 688.82 688.84 688.81 688.81 688.78 688.79 688.69 688.51 688.41 688.41 687.97 687.69 688.46 688.81 688.99 689.26 689.60 689.40 689.10 688.98 688.64 688.77 688.82 688.81 688.80 688.87 688.91 688.88 688.89 688.90 689.12 689.13 688.00 687.74
689.58 689.60 689.55 689.47 689.37 689.38 689.39 689.32 689.21 689.18 689.13 689.07 689.06 689.09 689.06 689.07 689.02 689.00 688.98 688.95 688.92 688.82 688.86 688.86 688.83 688.75 688.73 688.76 688.81 688.88 688.95 688.90 688.90 688.82 688.84 688.87 688.80 688.80 688.76 688.61 688.53 688.43 688.42 688.21 687.70 688.01 688.63 689.06 689.02 689.09 689.10 688.99 689.01 689.15 689.44 689.30 689.23 688.93 688.80 688.81 688.84 688.83 688.82 688.86 689.06 688.85 687.83 687.66
689.61 689.50 689.43 689.37 689.38 689.26 689.22 689.18 689.18 689.09 689.08 689.02 689.02 689.06 689.10 689.00 689.01 689.02 688.94 688.95 688.91 688.86 688.84 688.89 688.84 688.79 688.78 688.87 688.92 688.97 689.05 688.94 688.89 688.86 688.82 688.85 688.78 688.74 688.65 688.51 688.45 688.49 688.39 687.81 687.63 688.43 688.92 689.04 689.10 689.10 689.19 689.03 689.02 689.12 689.27 689.29 689.30 689.11 688.78 688.75 688.75 688.75 688.73 688.97 689.17 688.50 687.67 687.59
689.51 689.39 689.41 689.31 689.25 689.30 689.21 689.12 689.13 689.10 689.11 689.06 689.02 689.04 689.06 689.08 689.07 689.02 688.95 688.88 688.84 688.82 688.80 688.79 688.79 688.85 688.90 688.88 688.91 688.95 688.93 688.98 688.91 688.90 688.84 688.75 688.68 688.65 688.60 688.50 688.47 688.45 687.97 687.80 688.20 688.72 689.00 689.02 689.12 689.13 689.19 689.09 689.01 689.08 689.41 689.47 689.36 689.20 689.26 688.71 688.62 688.64 688.65 688.69 688.35 687.76 687.54 687.58
689.38 689.36 689.35 689.28 689.17 689.18 689.13 689.11 689.08 689.11 689.06 689.04 689.08 689.05 689.04 689.15 689.06 689.02 688.93 688.82 688.86 688.84 688.87 688.86 688.80 688.79 688.91 688.87 688.92 688.92 688.85 688.92 688.94 688.86 688.80 688.75 688.63 688.56 688.55 688.47 688.42 688.14 687.89 688.17 688.53 688.82 688.93 689.04 689.14 689.13 689.20 689.16 689.13 689.12 689.43 689.43 689.35 689.49 689.28 689.19 688.51 688.50 688.65 688.60 687.98 687.57 687.53 687.63
689.35 689.23 689.20 689.22 689.11 689.16 689.11 689.14 689.10 689.05 689.06 689.04 689.10 689.04 689.10 689.11 689.04 689.00 688.87 688.89 688.79 688.82 688.91 688.86 688.79 688.84 688.89 688.90 688.86 688.88 688.92 688.90 688.96 688.91 688.67 688.67 688.54 688.54 688.46 688.46 688.54 687.86 688.04 688.50 688.79 688.98 689.05 689.07 689.18 689.21 689.21 689.19 689.26 689.21 689.30 689.30 689.27 689.38 689.32 689.19 688.43 688.39 688.63 688.34 687.63 687.54 687.59 687.72
689.30 689.20 689.17 689.16 689.17 689.12 689.13 689.10 689.08 689.06 689.11 689.09 689.01 689.06 689.05 689.03 689.09 689.03 688.89 688.85 688.83 688.83 688.90 688.90 688.82 688.80 688.87 688.87 688.93 688.96 688.98 688.81 688.83 688.74 688.64 688.58 688.49 688.42 688.32 688.40 687.92 687.88 688.52 688.81 689.00 689.12 689.10 689.18 689.27 689.33 689.18 689.24 689.30 689.26 689.26 689.28 689.26 689.09 689.16 689.24 688.35 688.28 688.39 687.96 687.62 687.58 687.65 687.74
689.30 689.22 689.24 689.17 689.07 689.10 689.10 689.02 689.04 689.09 689.07 689.03 689.04 689.10 689.02 689.00 689.04 688.93 688.85 688.84 688.84 688.89 688.92 688.91 688.87 688.97 688.97 688.92 688.95 688.97 688.79 688.71 688.66 688.62 688.63 688.54 688.49 688.24 688.24 687.82 687.82 688.39 688.82 688.95 689.08 689.16 689.19 689.18 689.36 689.42 689.29 689.31 689.35 689.37 689.27 689.21 689.27 689.18 689.11 689.17 688.26 688.14 688.23 687.67 687.60 687.70 687.78 687.79
689.28 689.21 689.19 689.14 689.09 689.08 689.08 689.03 689.11 689.09 689.12 688.98 688.99 689.11 689.10 689.08 689.07 688.88 688.89 688.97 688.94 688.98 688.92 689.03 689.01 689.14 689.06 688.88 688.91 688.77 688.67 688.67 688.61 688.58 688.64 688.51 688.24 688.20 687.92 687.68 688.47 688.74 689.11 689.08 689.10 689.13 689.24 689.25 689.39 689.37 689.28 689.33 689.37 689.40 689.27 689.20 689.27 689.10 689.10 689.13 688.27 688.06 688.15 687.80 687.63 687.82 687.81 687.77
689.28 689.21 689.11 689.11 689.17 689.09 689.02 689.06 689.16 689.15 689.04 688.95 689.01 689.09 689.19 688.97 688.91 688.89 688.88 689.00 688.95 688.95 688.99 689.01 689.00 688.95 688.86 688.81 688.70 688.64 688.65 688.62 688.57 688.64 688.69 688.41 688.26 687.97 687.98 688.32 688.75 688.91 689.03 689.10 689.10 689.24 689.28 689.36 689.32 689.38 689.35 689.39 689.31 689.26 689.17 689.28 689.32 689.07 689.02 688.78 688.30 688.02 688.14 687.79 687.67 687.81 687.82 687.73
689.35 689.31 689.14 689.11 689.17 689.07 689.04 689.09 689.11 689.04 689.01 688.97 688.94 689.01 689.08 688.93 688.96 688.95 688.95 688.97 688.89 688.95 688.96 688.95 688.97 688.84 688.71 688.73 688.69 688.61 688.60 688.61 688.58 688.67 688.56 688.36 688.33 687.94 687.92 688.47 688.81 689.03 689.08 689.07 689.07 689.27 689.36 689.43 689.35 689.35 689.33 689.46 689.38 689.33 689.31 689.27 689.18 689.01 688.82 688.60 688.27 687.97 688.11 687.86 687.69 687.71 687.76 687.75
689.36 689.39 689.21 689.07 689.13 689.06 688.99 689.05 689.01 689.02 688.99 688.99 688.98 688.91 688.93 688.92 688.94 688.97 688.97 688.98 689.04 688.94 688.91 688.85 688.82 688.75 688.66 688.67 688.72 688.67 688.58 688.56 688.61 688.50 688.37 688.36 688.40 688.44 688.61 688.55 688.83 689.03 689.17 689.16 689.11 689.24 689.38 689.46 689.49 689.39 689.41 689.48 689.37 689.26 689.35 689.22 689.06 688.87 688.66 688.42 688.22 687.96 688.05 687.92 687.86 687.77 687.69 687.78
689.31 689.28 689.14 689.07 689.09 689.09 689.02 689.23 689.17 689.09 689.03 689.09 689.07 689.03 688.98 688.96 688.94 689.00 688.93 689.02 688.99 688.94 688.84 688.74 688.66 688.66 688.55 688.56 688.60 688.52 688.59 688.54 688.51 688.32 688.27 688.41 688.41 688.67 688.90 688.64 688.65 689.06 689.11 689.18 689.25 689.39 689.48 689.47 689.53 689.41 689.39 689.45 689.38 689.19 689.25 689.14 689.17 688.62 688.47 688.30 688.18 687.97 688.07 687.90 687.86 687.75 687.79 687.92
689.25 689.16 688.99 688.98 689.09 689.01 688.95 689.15 689.14 689.09 689.01 688.99 689.03 688.96 688.99 689.09 689.05 689.05 688.99 689.02 688.94 688.75 688.77 688.70 688.58 688.53 688.53 688.55 688.52 688.54 688.63 688.57 688.41 688.22 688.35 688.37 688.47 688.77 688.91 688.85 688.56 688.75 689.07 689.19 689.26 689.36 689.46 689.47 689.53 689.57 689.44 689.44 689.31 689.18 689.37 689.20 688.98 688.42 688.29 688.09 688.12 687.96 688.05 687.86 687.87 687.76 688.03 687.95
689.11 689.00 689.00 688.98 689.00 689.04 689.00 688.98 689.00 688.99 689.02 689.00 689.07 689.02 689.11 689.14 689.09 689.08 689.01 688.84 688.73 688.64 688.58 688.63 688.51 688.56 688.54 688.59 688.54 688.60 688.59 688.43 688.21 688.29 688.38 688.53 688.59 688.85 689.00 688.94 688.89 688.65 688.88 689.24 689.33 689.38 689.44 689.51 689.48 689.61 689.39 689.36 689.22 689.20 689.31 689.14 688.61 688.18 688.00 687.86 688.04 687.95 688.02 687.94 687.83 687.84 688.14 688.07
689.16 689.13 689.14 689.08 689.04 689.05 689.06 689.04 689.00 689.02 688.99 689.06 689.04 689.04 689.18 689.03 688.81 688.78 688.79 688.70 688.58 688.54 688.49 688.46 688.47 688.48 688.51 688.46 688.52 688.48 688.41 688.19 688.22 688.35 688.49 688.63 688.78 688.98 689.13 689.11 688.96 688.82 688.72 689.15 689.34 689.32 689.43 689.42 689.45 689.49 689.41 689.31 689.16 689.12 689.04 688.65 688.16 688.01 687.93 687.88 688.06 687.93 688.00 687.90 687.75 687.97 688.00 688.32
689.12 689.18 689.17 689.02 688.99 689.05 689.05 689.03 689.01 689.07 689.06 689.03 689.01 689.00 688.93 688.65 688.52 688.52 688.58 688.51 688.51 688.53 688.48 688.47 688.49 688.49 688.46 688.43 688.48 688.31 688.13 688.17 688.29 688.56 688.71 688.71 688.89 689.06 689.23 689.31 689.17 689.02 688.79 689.00 689.27 689.33 689.45 689.32 689.35 689.39 689.40 689.20 689.17 689.18 688.73 688.44 688.06 687.96 687.90 687.96 688.03 687.92 687.98 687.93 687.86 688.21 687.89 688.77
689.02 689.03 689.02 688.97 688.94 689.00 688.98 689.02 689.13 689.07 688.98 688.97 688.92 688.78 688.66 688.57 688.46 688.48 688.51 688.51 688.43 688.47 688.41 688.44 688.44 688.41 688.43 688.39 688.24 688.15 688.18 688.41 688.49 688.72 688.76 688.81 689.03 689.22 689.31 689.35 689.28 689.11 688.96 688.71 689.19 689.31 689.36 689.38 689.36 689.40 689.33 689.11 689.11 689.05 688.60 688.23 688.04 687.93 687.93 688.01 688.00 687.91 687.97 687.96 688.17 688.08 688.38 689.05
688.97 688.95 688.94 688.99 688.98 689.07 689.01 689.05 689.06 688.93 688.87 688.73 688.69 688.57 688.52 688.52 688.53 688.55 688.47 688.42 688.35 688.30 688.35 688.42 688.41 688.40 688.37 688.21 688.18 688.29 688.38 688.53 688.65 688.77 688.78 688.89 689.01 689.24 689.24 689.32 689.38 689.29 689.10 688.91 689.13 689.31 689.40 689.50 689.43 689.44 689.18 689.10 689.07 688.85 688.32 688.14 687.98 687.93 687.99 687.99 687.95 687.89 687.96 688.17 688.20 688.02 688.67 689.30
689.02 688.88 688.93 689.01 689.08 688.96 688.97 688.92 688.79 688.67 688.57 688.49 688.58 688.52 688.47 688.51 688.50 688.47 688.42 688.36 688.27 688.31 688.29 688.40 688.44 688.37 688.27 688.24 688.32 688.45 688.54 688.57 688.69 688.76 688.76 688.87 689.02 689.17 689.17 689.27 689.43 689.46 689.23 689.14 689.00 689.31 689.45 689.52 689.53 689.27 689.07 689.03 688.97 688.65 688.34 688.08 687.92 687.93 688.04 687.90 687.94 687.87 687.92 688.13 688.03 688.25 688.97 689.36
688.94 688.91 688.95 688.98 688.98 688.87 688.81 688.67 688.62 688.49 688.44 688.45 688.49 688.48 688.46 688.38 688.38 688.41 688.38 688.30 688.44 688.54 688.54 688.50 688.49 688.33 688.33 688.40 688.56 688.61 688.61 688.70 688.68 688.88 688.91 688.88 689.00 689.14 689.19 689.26 689.38 689.45 689.34 689.25 689.13 689.27 689.37 689.46 689.40 689.08 688.97 689.02 688.81 688.53 688.23 687.97 687.89 687.95 687.84 687.94 688.02 687.89 687.94 688.24 688.09 688.63 689.21 689.50
688.86 688.79 688.79 688.79 688.73 688.71 688.57 688.48 688.42 688.38 688.42 688.42 688.45 688.44 688.36 688.32 688.30 688.31 688.28 688.35 688.57 688.54 688.51 688.43 688.42 688.50 688.55 688.55 688.56 688.61 688.63 688.78 688.82 688.93 689.00 688.97 689.10 689.16 689.19 689.24 689.25 689.34 689.33 689.27 689.18 689.21 689.28 689.38 689.32 689.06 688.98 688.88 688.59 688.38 688.09 687.93 687.88 687.79 687.85 688.05 688.10 687.92 688.04 688.22 688.26 688.92 689.31 689.50
688.79 688.74 688.67 688.63 688.60 688.68 688.47 688.39 688.39 688.39 688.39 688.40 688.40 688.39 688.33 688.34 688.32 688.44 688.49 688.49 688.51 688.46 688.47 688.59 688.59 688.60 688.60 688.61 688.61 688.66 688.80 688.89 688.96 689.03 689.08 689.07 689.14 689.25 689.25 689.24 689.34 689.35 689.35 689.29 689.25 689.15 689.38 689.37 689.15 688.97 688.90 688.73 688.48 688.25 688.00 687.88 687.78 687.67 687.94 688.14 688.24 688.00 688.08 688.22 688.49 689.02 689.35 689.44
688.80 688.80 688.63 688.64 688.51 688.47 688.41 688.38 688.37 688.37 688.42 688.39 688.38 688.38 688.41 688.51 688.58 688.61 688.60 688.53 688.44 688.47 688.57 688.67 688.58 688.58 688.62 688.66 688.68 688.78 688.86 688.99 689.09 689.29 689.14 689.13 689.25 689.17 689.22 689.26 689.39 689.46 689.35 689.34 689.30 689.09 689.37 689.27 689.01 688.84 688.77 688.54 688.32 688.09 687.96 687.85 687.87 687.85 688.22 688.27 688.32 688.07 688.13 688.52 688.76 689.10 689.39 689.48
688.61 688.61 688.50 688.46 688.41 688.40 688.39 688.45 688.43 688.51 688.42 688.37 688.38 688.42 688.50 688.47 688.48 688.52 688.56 688.56 688.66 688.63 688.57 688.58 688.56 688.61 688.70 688.73 688.87 688.87 688.95 689.13 689.22 689.43 689.27 689.18 689.25 689.28 689.24 689.33 689.40 689.34 689.34 689.31 689.34 689.20 689.13 689.06 689.00 688.77 688.60 688.41 688.19 688.00 687.91 687.90 688.06 688.24 688.37 688.34 688.33 688.13 688.21 688.76 689.02 689.20 689.41 689.50
688.50 688.46 688.43 688.38 688.40 688.37 688.38 688.37 688.37 688.36 688.36 688.37 688.35 688.31 688.31 688.34 688.46 688.55 688.62 688.71 688.59 688.63 688.63 688.62 688.65 688.79 688.85 689.00 688.96 689.08 689.08 689.19 689.22 689.40 689.33 689.22 689.26 689.32 689.22 689.31 689.38 689.33 689.36 689.37 689.33 689.24 689.00 689.05 688.88 688.67 688.49 688.26 688.11 687.94 687.93 688.03 688.12 688.13 688.06 688.05 688.32 688.22 688.29 688.83 689.09 689.33 689.44 689.49
